total_write_time= 0.0009996891021728516
single_write_time= 0.023169612134445895
