single_rebuild_time= 0.03806949817739325
total_rebuild_time= 131.64432469742582
