single_rebuild_time= 0.03517064973210215
total_rebuild_time= 0.03517064973210215
