single_rebuild_time= 0.03570069671146509
total_rebuild_time= 18.742865773519174
