total_write_time= 0.20800042152404785
single_write_time= 0.02625829847445824
