single_rebuild_time= 0.022582564914141644
total_rebuild_time= 378.79994386981195
