single_rebuild_time= 0.03802302118635795
total_rebuild_time= 1.939174080504255
