single_rebuild_time= 13.458039594665431
total_rebuild_time= 53.832158378661724
