single_rebuild_time= 9.37169891676969
total_rebuild_time= 9.37169891676969
