single_rebuild_time= 0.023937546124582088
total_rebuild_time= 9.646831088206582
