single_rebuild_time= 0.027170752728928316
total_rebuild_time= 0.027170752728928316
