total_write_time= 2.4420325756073
single_write_time= 2.464202498639573
