single_rebuild_time= 0.02586264940264234
total_rebuild_time= 54.23397579734099
