single_rebuild_time= 0.025169966678262448
total_rebuild_time= 0.050339933356524896
