single_rebuild_time= 0.022634710433121354
total_rebuild_time= 36.41924908689225
