single_rebuild_time= 8.889478062833298
total_rebuild_time= 8.889478062833298
