single_rebuild_time= 11.15465171485327
total_rebuild_time= 11.15465171485327
