single_rebuild_time= 0.030167674268234957
total_rebuild_time= 0.030167674268234957
