single_rebuild_time= 0.022585598244520475
total_rebuild_time= 2499.0738601579465
