single_rebuild_time= 0.023896994764860582
total_rebuild_time= 661.0625661803383
