single_rebuild_time= 0.02591635580725242
total_rebuild_time= 358.4750335259155
