single_rebuild_time= 0.025909755769337753
total_rebuild_time= 5.233770665406226
