total_write_time= 0.0010006427764892578
single_write_time= 0.0231705658087623
