single_rebuild_time= 0.023824135264963103
total_rebuild_time= 99.91842330125525
