total_write_time= 0.21011805534362793
single_write_time= 0.022692188270387353
